<svg width="48" height="48" viewBox="0 0 48 48" fill="none" xmlns="http://www.w3.org/2000/svg">
<g clip-path="url(#clip0_394_28932)">
<path fill-rule="evenodd" clip-rule="evenodd" d="M17.25 20.9998C17.2501 17.272 20.2722 14.25 24 14.25C27.7279 14.25 30.75 17.2721 30.75 21L30.7498 21.0492V21.75C30.7498 23.8731 31.5508 25.8074 32.8684 27.2699C33.0349 27.4547 33.0989 27.71 33.0393 27.9516C32.9797 28.1931 32.8042 28.3893 32.5709 28.4755C31.0269 29.0455 29.4105 29.4659 27.7396 29.7192C27.7465 29.812 27.75 29.9056 27.75 30C27.75 32.0711 26.0711 33.75 24 33.75C21.9289 33.75 20.25 32.0711 20.25 30C20.25 29.9056 20.2535 29.812 20.2604 29.7192C18.5893 29.4659 16.9729 29.0455 15.4288 28.4755C15.1954 28.3893 15.0199 28.1931 14.9603 27.9516C14.9007 27.71 14.9648 27.4547 15.1313 27.2699C16.4488 25.8074 17.2498 23.8731 17.2498 21.75L17.25 20.9998ZM21.7522 29.8993C21.7508 29.9326 21.75 29.9662 21.75 30C21.75 31.2426 22.7574 32.25 24 32.25C25.2427 32.25 26.25 31.2426 26.25 30C26.25 29.9662 26.2493 29.9326 26.2478 29.8992C25.5072 29.9659 24.7574 30 23.9998 30C23.2424 30 22.4927 29.966 21.7522 29.8993Z" fill="black"/>
<rect x="24" y="10" width="16" height="16" rx="8" fill="#959595"/>
<path d="M34.5781 19.8677C34.5781 20.3547 34.4653 20.7646 34.2397 21.0977C34.0142 21.4307 33.7062 21.6831 33.3159 21.855C32.9292 22.0233 32.4924 22.1074 32.0054 22.1074C31.5184 22.1074 31.0798 22.0233 30.6895 21.855C30.2992 21.6831 29.9912 21.4307 29.7656 21.0977C29.54 20.7646 29.4272 20.3547 29.4272 19.8677C29.4272 19.5454 29.4899 19.2536 29.6152 18.9922C29.7406 18.7272 29.9178 18.4998 30.147 18.3101C30.3797 18.1167 30.6519 17.9681 30.9634 17.8643C31.2785 17.7604 31.6222 17.7085 31.9946 17.7085C32.4888 17.7085 32.931 17.7998 33.3213 17.9824C33.7116 18.165 34.0177 18.4175 34.2397 18.7397C34.4653 19.062 34.5781 19.438 34.5781 19.8677ZM33.2783 19.8032C33.2783 19.5418 33.2246 19.3127 33.1172 19.1157C33.0098 18.9188 32.8594 18.7666 32.666 18.6592C32.4727 18.5518 32.2489 18.498 31.9946 18.498C31.7368 18.498 31.513 18.5518 31.3232 18.6592C31.1335 18.7666 30.9849 18.9188 30.8774 19.1157C30.7736 19.3127 30.7217 19.5418 30.7217 19.8032C30.7217 20.0682 30.7736 20.2974 30.8774 20.4907C30.9813 20.6805 31.1299 20.8255 31.3232 20.9258C31.5166 21.026 31.744 21.0762 32.0054 21.0762C32.2668 21.0762 32.4924 21.026 32.6821 20.9258C32.8719 20.8255 33.0187 20.6805 33.1226 20.4907C33.2264 20.2974 33.2783 20.0682 33.2783 19.8032ZM34.4009 16.2368C34.4009 16.6271 34.297 16.9744 34.0894 17.2788C33.8853 17.5832 33.6024 17.8231 33.2407 17.9985C32.8791 18.1704 32.4673 18.2563 32.0054 18.2563C31.5399 18.2563 31.1245 18.1704 30.7593 17.9985C30.3976 17.8231 30.113 17.5832 29.9053 17.2788C29.7012 16.9744 29.5991 16.6271 29.5991 16.2368C29.5991 15.7713 29.7012 15.3792 29.9053 15.0605C30.113 14.7383 30.3976 14.493 30.7593 14.3247C31.1209 14.1564 31.5345 14.0723 32 14.0723C32.4655 14.0723 32.8791 14.1564 33.2407 14.3247C33.6024 14.493 33.8853 14.7383 34.0894 15.0605C34.297 15.3792 34.4009 15.7713 34.4009 16.2368ZM33.1064 16.2798C33.1064 16.047 33.0599 15.8429 32.9668 15.6675C32.8773 15.4884 32.7502 15.3488 32.5854 15.2485C32.4207 15.1483 32.2256 15.0981 32 15.0981C31.7744 15.0981 31.5793 15.1465 31.4146 15.2432C31.2498 15.3398 31.1227 15.4759 31.0332 15.6514C30.9437 15.8268 30.8989 16.0363 30.8989 16.2798C30.8989 16.5197 30.9437 16.7292 31.0332 16.9082C31.1227 17.0837 31.2498 17.2215 31.4146 17.3218C31.5828 17.422 31.7798 17.4722 32.0054 17.4722C32.231 17.4722 32.4261 17.422 32.5908 17.3218C32.7555 17.2215 32.8826 17.0837 32.9722 16.9082C33.0617 16.7292 33.1064 16.5197 33.1064 16.2798Z" fill="white"/>
</g>
<defs>
<clipPath id="clip0_394_28932">
<rect width="48" height="48" rx="24" fill="white"/>
</clipPath>
</defs>
</svg>
